{
 "cells": [
  {
   "cell_type": "code",
   "execution_count": 3,
   "metadata": {},
   "outputs": [],
   "source": [
    "import numpy as np\n",
    "from math import sin, cos, radians"
   ]
  },
  {
   "cell_type": "code",
   "execution_count": 8,
   "metadata": {},
   "outputs": [],
   "source": [
    "import numpy as np\n",
    "from math import sin, cos, radians\n",
    "\n",
    "def rotate(coords:np.array, axis:str, angle:int) -> np.array:\n",
    "    \"\"\"\n",
    "    Use standard rotation matrices to rotate three-dimensional coordinates \n",
    "    around an axis by specified angle\n",
    "    \"\"\"\n",
    "    angle=radians(angle)\n",
    "    if axis == 'x':\n",
    "        rot = np.array([\n",
    "            [1, 0, 0],\n",
    "            [0, round(cos(angle),0), -round(sin(angle),0)],\n",
    "            [0, round(sin(angle),0), round(cos(angle),0)]\n",
    "        ])\n",
    "    elif axis == 'y':\n",
    "        rot = np.array([\n",
    "            [round(cos(angle),0), 0, round(sin(angle),0)],\n",
    "            [0, 1, 0],\n",
    "            [-round(sin(angle),0), 0, round(cos(angle),0)]\n",
    "        ])\n",
    "    elif axis == 'z':\n",
    "        rot = np.array([\n",
    "            [round(cos(angle),0), -round(sin(angle),0),0],\n",
    "            [round(sin(angle),0), round(cos(angle),0),0],\n",
    "            [0, 0, 1]\n",
    "        ])\n",
    "    else:\n",
    "        raise ValueError('Axis should be one of: \"x\", \"y\", \"z\"')\n",
    "    \n",
    "    # Matrix multiplaction\n",
    "    return np.matmul(rot, coords).astype('int')"
   ]
  },
  {
   "cell_type": "code",
   "execution_count": 30,
   "metadata": {},
   "outputs": [],
   "source": [
    "def all_orients(coords:list) -> list:\n",
    "    \"\"\"\n",
    "    Take a input list of xyz coordinates (represented as (1,3) np.arrays)\n",
    "    and rotate these into each of 24 possible orientations assuming 90 degree rotations along axes.\n",
    "    \"\"\"\n",
    "    all_rotated = []\n",
    "    for coord in coords:\n",
    "        one_rotated = []\n",
    "        # Each angle along x & y axes. Double rotate (includes 0 degree so also single rotations)\n",
    "        for x_angle in (0, 90,180,270):\n",
    "            for y_angle in (0, 90,180,270):\n",
    "                one_rotated.append(rotate(rotate(coord, 'x', x_angle), 'y', y_angle))\n",
    "            # For z axis only look at two rotations as others covered by origin position and x & y double rotations\n",
    "            for z_angle in (90, 270):\n",
    "                one_rotated.append(rotate(rotate(coord, 'x', x_angle), 'z', z_angle))\n",
    "        all_rotated.append(one_rotated)\n",
    "    return all_rotated\n",
    "            "
   ]
  },
  {
   "cell_type": "code",
   "execution_count": 31,
   "metadata": {},
   "outputs": [
    {
     "data": {
      "text/plain": [
       "(3,)"
      ]
     },
     "execution_count": 31,
     "metadata": {},
     "output_type": "execute_result"
    }
   ],
   "source": [
    "test = np.array([5,10,15])\n",
    "test.shape\n",
    "# rotate(test, 'y', 90)"
   ]
  },
  {
   "cell_type": "code",
   "execution_count": 36,
   "metadata": {},
   "outputs": [
    {
     "data": {
      "text/plain": [
       "[[array([ 404, -588, -901]),\n",
       "  array([-901, -588, -404]),\n",
       "  array([-404, -588,  901]),\n",
       "  array([ 901, -588,  404]),\n",
       "  array([ 588,  404, -901]),\n",
       "  array([-588, -404, -901]),\n",
       "  array([ 404,  901, -588]),\n",
       "  array([-588,  901, -404]),\n",
       "  array([-404,  901,  588]),\n",
       "  array([588, 901, 404]),\n",
       "  array([-901,  404, -588]),\n",
       "  array([ 901, -404, -588]),\n",
       "  array([404, 588, 901]),\n",
       "  array([ 901,  588, -404]),\n",
       "  array([-404,  588, -901]),\n",
       "  array([-901,  588,  404]),\n",
       "  array([-588,  404,  901]),\n",
       "  array([ 588, -404,  901]),\n",
       "  array([ 404, -901,  588]),\n",
       "  array([ 588, -901, -404]),\n",
       "  array([-404, -901, -588]),\n",
       "  array([-588, -901,  404]),\n",
       "  array([901, 404, 588]),\n",
       "  array([-901, -404,  588])],\n",
       " [array([ 528, -643,  409]),\n",
       "  array([ 409, -643, -528]),\n",
       "  array([-528, -643, -409]),\n",
       "  array([-409, -643,  528]),\n",
       "  array([643, 528, 409]),\n",
       "  array([-643, -528,  409]),\n",
       "  array([ 528, -409, -643]),\n",
       "  array([-643, -409, -528]),\n",
       "  array([-528, -409,  643]),\n",
       "  array([ 643, -409,  528]),\n",
       "  array([ 409,  528, -643]),\n",
       "  array([-409, -528, -643]),\n",
       "  array([ 528,  643, -409]),\n",
       "  array([-409,  643, -528]),\n",
       "  array([-528,  643,  409]),\n",
       "  array([409, 643, 528]),\n",
       "  array([-643,  528, -409]),\n",
       "  array([ 643, -528, -409]),\n",
       "  array([528, 409, 643]),\n",
       "  array([ 643,  409, -528]),\n",
       "  array([-528,  409, -643]),\n",
       "  array([-643,  409,  528]),\n",
       "  array([-409,  528,  643]),\n",
       "  array([ 409, -528,  643])],\n",
       " [array([-838,  591,  734]),\n",
       "  array([734, 591, 838]),\n",
       "  array([ 838,  591, -734]),\n",
       "  array([-734,  591, -838]),\n",
       "  array([-591, -838,  734]),\n",
       "  array([591, 838, 734]),\n",
       "  array([-838, -734,  591]),\n",
       "  array([ 591, -734,  838]),\n",
       "  array([ 838, -734, -591]),\n",
       "  array([-591, -734, -838]),\n",
       "  array([ 734, -838,  591]),\n",
       "  array([-734,  838,  591]),\n",
       "  array([-838, -591, -734]),\n",
       "  array([-734, -591,  838]),\n",
       "  array([ 838, -591,  734]),\n",
       "  array([ 734, -591, -838]),\n",
       "  array([ 591, -838, -734]),\n",
       "  array([-591,  838, -734]),\n",
       "  array([-838,  734, -591]),\n",
       "  array([-591,  734,  838]),\n",
       "  array([838, 734, 591]),\n",
       "  array([ 591,  734, -838]),\n",
       "  array([-734, -838, -591]),\n",
       "  array([ 734,  838, -591])],\n",
       " [array([ 390, -675, -793]),\n",
       "  array([-793, -675, -390]),\n",
       "  array([-390, -675,  793]),\n",
       "  array([ 793, -675,  390]),\n",
       "  array([ 675,  390, -793]),\n",
       "  array([-675, -390, -793]),\n",
       "  array([ 390,  793, -675]),\n",
       "  array([-675,  793, -390]),\n",
       "  array([-390,  793,  675]),\n",
       "  array([675, 793, 390]),\n",
       "  array([-793,  390, -675]),\n",
       "  array([ 793, -390, -675]),\n",
       "  array([390, 675, 793]),\n",
       "  array([ 793,  675, -390]),\n",
       "  array([-390,  675, -793]),\n",
       "  array([-793,  675,  390]),\n",
       "  array([-675,  390,  793]),\n",
       "  array([ 675, -390,  793]),\n",
       "  array([ 390, -793,  675]),\n",
       "  array([ 675, -793, -390]),\n",
       "  array([-390, -793, -675]),\n",
       "  array([-675, -793,  390]),\n",
       "  array([793, 390, 675]),\n",
       "  array([-793, -390,  675])],\n",
       " [array([-537, -823, -458]),\n",
       "  array([-458, -823,  537]),\n",
       "  array([ 537, -823,  458]),\n",
       "  array([ 458, -823, -537]),\n",
       "  array([ 823, -537, -458]),\n",
       "  array([-823,  537, -458]),\n",
       "  array([-537,  458, -823]),\n",
       "  array([-823,  458,  537]),\n",
       "  array([537, 458, 823]),\n",
       "  array([ 823,  458, -537]),\n",
       "  array([-458, -537, -823]),\n",
       "  array([ 458,  537, -823]),\n",
       "  array([-537,  823,  458]),\n",
       "  array([458, 823, 537]),\n",
       "  array([ 537,  823, -458]),\n",
       "  array([-458,  823, -537]),\n",
       "  array([-823, -537,  458]),\n",
       "  array([823, 537, 458]),\n",
       "  array([-537, -458,  823]),\n",
       "  array([ 823, -458,  537]),\n",
       "  array([ 537, -458, -823]),\n",
       "  array([-823, -458, -537]),\n",
       "  array([ 458, -537,  823]),\n",
       "  array([-458,  537,  823])],\n",
       " [array([-485, -357,  347]),\n",
       "  array([ 347, -357,  485]),\n",
       "  array([ 485, -357, -347]),\n",
       "  array([-347, -357, -485]),\n",
       "  array([ 357, -485,  347]),\n",
       "  array([-357,  485,  347]),\n",
       "  array([-485, -347, -357]),\n",
       "  array([-357, -347,  485]),\n",
       "  array([ 485, -347,  357]),\n",
       "  array([ 357, -347, -485]),\n",
       "  array([ 347, -485, -357]),\n",
       "  array([-347,  485, -357]),\n",
       "  array([-485,  357, -347]),\n",
       "  array([-347,  357,  485]),\n",
       "  array([485, 357, 347]),\n",
       "  array([ 347,  357, -485]),\n",
       "  array([-357, -485, -347]),\n",
       "  array([ 357,  485, -347]),\n",
       "  array([-485,  347,  357]),\n",
       "  array([357, 347, 485]),\n",
       "  array([ 485,  347, -357]),\n",
       "  array([-357,  347, -485]),\n",
       "  array([-347, -485,  357]),\n",
       "  array([347, 485, 357])],\n",
       " [array([-345, -311,  381]),\n",
       "  array([ 381, -311,  345]),\n",
       "  array([ 345, -311, -381]),\n",
       "  array([-381, -311, -345]),\n",
       "  array([ 311, -345,  381]),\n",
       "  array([-311,  345,  381]),\n",
       "  array([-345, -381, -311]),\n",
       "  array([-311, -381,  345]),\n",
       "  array([ 345, -381,  311]),\n",
       "  array([ 311, -381, -345]),\n",
       "  array([ 381, -345, -311]),\n",
       "  array([-381,  345, -311]),\n",
       "  array([-345,  311, -381]),\n",
       "  array([-381,  311,  345]),\n",
       "  array([345, 311, 381]),\n",
       "  array([ 381,  311, -345]),\n",
       "  array([-311, -345, -381]),\n",
       "  array([ 311,  345, -381]),\n",
       "  array([-345,  381,  311]),\n",
       "  array([311, 381, 345]),\n",
       "  array([ 345,  381, -311]),\n",
       "  array([-311,  381, -345]),\n",
       "  array([-381, -345,  311]),\n",
       "  array([381, 345, 311])],\n",
       " [array([-661, -816, -575]),\n",
       "  array([-575, -816,  661]),\n",
       "  array([ 661, -816,  575]),\n",
       "  array([ 575, -816, -661]),\n",
       "  array([ 816, -661, -575]),\n",
       "  array([-816,  661, -575]),\n",
       "  array([-661,  575, -816]),\n",
       "  array([-816,  575,  661]),\n",
       "  array([661, 575, 816]),\n",
       "  array([ 816,  575, -661]),\n",
       "  array([-575, -661, -816]),\n",
       "  array([ 575,  661, -816]),\n",
       "  array([-661,  816,  575]),\n",
       "  array([575, 816, 661]),\n",
       "  array([ 661,  816, -575]),\n",
       "  array([-575,  816, -661]),\n",
       "  array([-816, -661,  575]),\n",
       "  array([816, 661, 575]),\n",
       "  array([-661, -575,  816]),\n",
       "  array([ 816, -575,  661]),\n",
       "  array([ 661, -575, -816]),\n",
       "  array([-816, -575, -661]),\n",
       "  array([ 575, -661,  816]),\n",
       "  array([-575,  661,  816])],\n",
       " [array([-876,  649,  763]),\n",
       "  array([763, 649, 876]),\n",
       "  array([ 876,  649, -763]),\n",
       "  array([-763,  649, -876]),\n",
       "  array([-649, -876,  763]),\n",
       "  array([649, 876, 763]),\n",
       "  array([-876, -763,  649]),\n",
       "  array([ 649, -763,  876]),\n",
       "  array([ 876, -763, -649]),\n",
       "  array([-649, -763, -876]),\n",
       "  array([ 763, -876,  649]),\n",
       "  array([-763,  876,  649]),\n",
       "  array([-876, -649, -763]),\n",
       "  array([-763, -649,  876]),\n",
       "  array([ 876, -649,  763]),\n",
       "  array([ 763, -649, -876]),\n",
       "  array([ 649, -876, -763]),\n",
       "  array([-649,  876, -763]),\n",
       "  array([-876,  763, -649]),\n",
       "  array([-649,  763,  876]),\n",
       "  array([876, 763, 649]),\n",
       "  array([ 649,  763, -876]),\n",
       "  array([-763, -876, -649]),\n",
       "  array([ 763,  876, -649])],\n",
       " [array([-618, -824, -621]),\n",
       "  array([-621, -824,  618]),\n",
       "  array([ 618, -824,  621]),\n",
       "  array([ 621, -824, -618]),\n",
       "  array([ 824, -618, -621]),\n",
       "  array([-824,  618, -621]),\n",
       "  array([-618,  621, -824]),\n",
       "  array([-824,  621,  618]),\n",
       "  array([618, 621, 824]),\n",
       "  array([ 824,  621, -618]),\n",
       "  array([-621, -618, -824]),\n",
       "  array([ 621,  618, -824]),\n",
       "  array([-618,  824,  621]),\n",
       "  array([621, 824, 618]),\n",
       "  array([ 618,  824, -621]),\n",
       "  array([-621,  824, -618]),\n",
       "  array([-824, -618,  621]),\n",
       "  array([824, 618, 621]),\n",
       "  array([-618, -621,  824]),\n",
       "  array([ 824, -621,  618]),\n",
       "  array([ 618, -621, -824]),\n",
       "  array([-824, -621, -618]),\n",
       "  array([ 621, -618,  824]),\n",
       "  array([-621,  618,  824])],\n",
       " [array([ 553,  345, -567]),\n",
       "  array([-567,  345, -553]),\n",
       "  array([-553,  345,  567]),\n",
       "  array([567, 345, 553]),\n",
       "  array([-345,  553, -567]),\n",
       "  array([ 345, -553, -567]),\n",
       "  array([553, 567, 345]),\n",
       "  array([ 345,  567, -553]),\n",
       "  array([-553,  567, -345]),\n",
       "  array([-345,  567,  553]),\n",
       "  array([-567,  553,  345]),\n",
       "  array([ 567, -553,  345]),\n",
       "  array([ 553, -345,  567]),\n",
       "  array([ 567, -345, -553]),\n",
       "  array([-553, -345, -567]),\n",
       "  array([-567, -345,  553]),\n",
       "  array([345, 553, 567]),\n",
       "  array([-345, -553,  567]),\n",
       "  array([ 553, -567, -345]),\n",
       "  array([-345, -567, -553]),\n",
       "  array([-553, -567,  345]),\n",
       "  array([ 345, -567,  553]),\n",
       "  array([ 567,  553, -345]),\n",
       "  array([-567, -553, -345])],\n",
       " [array([474, 580, 667]),\n",
       "  array([ 667,  580, -474]),\n",
       "  array([-474,  580, -667]),\n",
       "  array([-667,  580,  474]),\n",
       "  array([-580,  474,  667]),\n",
       "  array([ 580, -474,  667]),\n",
       "  array([ 474, -667,  580]),\n",
       "  array([ 580, -667, -474]),\n",
       "  array([-474, -667, -580]),\n",
       "  array([-580, -667,  474]),\n",
       "  array([667, 474, 580]),\n",
       "  array([-667, -474,  580]),\n",
       "  array([ 474, -580, -667]),\n",
       "  array([-667, -580, -474]),\n",
       "  array([-474, -580,  667]),\n",
       "  array([ 667, -580,  474]),\n",
       "  array([ 580,  474, -667]),\n",
       "  array([-580, -474, -667]),\n",
       "  array([ 474,  667, -580]),\n",
       "  array([-580,  667, -474]),\n",
       "  array([-474,  667,  580]),\n",
       "  array([580, 667, 474]),\n",
       "  array([-667,  474, -580]),\n",
       "  array([ 667, -474, -580])],\n",
       " [array([-447, -329,  318]),\n",
       "  array([ 318, -329,  447]),\n",
       "  array([ 447, -329, -318]),\n",
       "  array([-318, -329, -447]),\n",
       "  array([ 329, -447,  318]),\n",
       "  array([-329,  447,  318]),\n",
       "  array([-447, -318, -329]),\n",
       "  array([-329, -318,  447]),\n",
       "  array([ 447, -318,  329]),\n",
       "  array([ 329, -318, -447]),\n",
       "  array([ 318, -447, -329]),\n",
       "  array([-318,  447, -329]),\n",
       "  array([-447,  329, -318]),\n",
       "  array([-318,  329,  447]),\n",
       "  array([447, 329, 318]),\n",
       "  array([ 318,  329, -447]),\n",
       "  array([-329, -447, -318]),\n",
       "  array([ 329,  447, -318]),\n",
       "  array([-447,  318,  329]),\n",
       "  array([329, 318, 447]),\n",
       "  array([ 447,  318, -329]),\n",
       "  array([-329,  318, -447]),\n",
       "  array([-318, -447,  329]),\n",
       "  array([318, 447, 329])],\n",
       " [array([-584,  868, -557]),\n",
       "  array([-557,  868,  584]),\n",
       "  array([584, 868, 557]),\n",
       "  array([ 557,  868, -584]),\n",
       "  array([-868, -584, -557]),\n",
       "  array([ 868,  584, -557]),\n",
       "  array([-584,  557,  868]),\n",
       "  array([868, 557, 584]),\n",
       "  array([ 584,  557, -868]),\n",
       "  array([-868,  557, -584]),\n",
       "  array([-557, -584,  868]),\n",
       "  array([557, 584, 868]),\n",
       "  array([-584, -868,  557]),\n",
       "  array([ 557, -868,  584]),\n",
       "  array([ 584, -868, -557]),\n",
       "  array([-557, -868, -584]),\n",
       "  array([ 868, -584,  557]),\n",
       "  array([-868,  584,  557]),\n",
       "  array([-584, -557, -868]),\n",
       "  array([-868, -557,  584]),\n",
       "  array([ 584, -557,  868]),\n",
       "  array([ 868, -557, -584]),\n",
       "  array([ 557, -584, -868]),\n",
       "  array([-557,  584, -868])],\n",
       " [array([ 544, -627, -890]),\n",
       "  array([-890, -627, -544]),\n",
       "  array([-544, -627,  890]),\n",
       "  array([ 890, -627,  544]),\n",
       "  array([ 627,  544, -890]),\n",
       "  array([-627, -544, -890]),\n",
       "  array([ 544,  890, -627]),\n",
       "  array([-627,  890, -544]),\n",
       "  array([-544,  890,  627]),\n",
       "  array([627, 890, 544]),\n",
       "  array([-890,  544, -627]),\n",
       "  array([ 890, -544, -627]),\n",
       "  array([544, 627, 890]),\n",
       "  array([ 890,  627, -544]),\n",
       "  array([-544,  627, -890]),\n",
       "  array([-890,  627,  544]),\n",
       "  array([-627,  544,  890]),\n",
       "  array([ 627, -544,  890]),\n",
       "  array([ 544, -890,  627]),\n",
       "  array([ 627, -890, -544]),\n",
       "  array([-544, -890, -627]),\n",
       "  array([-627, -890,  544]),\n",
       "  array([890, 544, 627]),\n",
       "  array([-890, -544,  627])],\n",
       " [array([ 564,  392, -477]),\n",
       "  array([-477,  392, -564]),\n",
       "  array([-564,  392,  477]),\n",
       "  array([477, 392, 564]),\n",
       "  array([-392,  564, -477]),\n",
       "  array([ 392, -564, -477]),\n",
       "  array([564, 477, 392]),\n",
       "  array([ 392,  477, -564]),\n",
       "  array([-564,  477, -392]),\n",
       "  array([-392,  477,  564]),\n",
       "  array([-477,  564,  392]),\n",
       "  array([ 477, -564,  392]),\n",
       "  array([ 564, -392,  477]),\n",
       "  array([ 477, -392, -564]),\n",
       "  array([-564, -392, -477]),\n",
       "  array([-477, -392,  564]),\n",
       "  array([392, 564, 477]),\n",
       "  array([-392, -564,  477]),\n",
       "  array([ 564, -477, -392]),\n",
       "  array([-392, -477, -564]),\n",
       "  array([-564, -477,  392]),\n",
       "  array([ 392, -477,  564]),\n",
       "  array([ 477,  564, -392]),\n",
       "  array([-477, -564, -392])],\n",
       " [array([455, 729, 728]),\n",
       "  array([ 728,  729, -455]),\n",
       "  array([-455,  729, -728]),\n",
       "  array([-728,  729,  455]),\n",
       "  array([-729,  455,  728]),\n",
       "  array([ 729, -455,  728]),\n",
       "  array([ 455, -728,  729]),\n",
       "  array([ 729, -728, -455]),\n",
       "  array([-455, -728, -729]),\n",
       "  array([-729, -728,  455]),\n",
       "  array([728, 455, 729]),\n",
       "  array([-728, -455,  729]),\n",
       "  array([ 455, -729, -728]),\n",
       "  array([-728, -729, -455]),\n",
       "  array([-455, -729,  728]),\n",
       "  array([ 728, -729,  455]),\n",
       "  array([ 729,  455, -728]),\n",
       "  array([-729, -455, -728]),\n",
       "  array([ 455,  728, -729]),\n",
       "  array([-729,  728, -455]),\n",
       "  array([-455,  728,  729]),\n",
       "  array([729, 728, 455]),\n",
       "  array([-728,  455, -729]),\n",
       "  array([ 728, -455, -729])],\n",
       " [array([-892,  524,  684]),\n",
       "  array([684, 524, 892]),\n",
       "  array([ 892,  524, -684]),\n",
       "  array([-684,  524, -892]),\n",
       "  array([-524, -892,  684]),\n",
       "  array([524, 892, 684]),\n",
       "  array([-892, -684,  524]),\n",
       "  array([ 524, -684,  892]),\n",
       "  array([ 892, -684, -524]),\n",
       "  array([-524, -684, -892]),\n",
       "  array([ 684, -892,  524]),\n",
       "  array([-684,  892,  524]),\n",
       "  array([-892, -524, -684]),\n",
       "  array([-684, -524,  892]),\n",
       "  array([ 892, -524,  684]),\n",
       "  array([ 684, -524, -892]),\n",
       "  array([ 524, -892, -684]),\n",
       "  array([-524,  892, -684]),\n",
       "  array([-892,  684, -524]),\n",
       "  array([-524,  684,  892]),\n",
       "  array([892, 684, 524]),\n",
       "  array([ 524,  684, -892]),\n",
       "  array([-684, -892, -524]),\n",
       "  array([ 684,  892, -524])],\n",
       " [array([-689,  845, -530]),\n",
       "  array([-530,  845,  689]),\n",
       "  array([689, 845, 530]),\n",
       "  array([ 530,  845, -689]),\n",
       "  array([-845, -689, -530]),\n",
       "  array([ 845,  689, -530]),\n",
       "  array([-689,  530,  845]),\n",
       "  array([845, 530, 689]),\n",
       "  array([ 689,  530, -845]),\n",
       "  array([-845,  530, -689]),\n",
       "  array([-530, -689,  845]),\n",
       "  array([530, 689, 845]),\n",
       "  array([-689, -845,  530]),\n",
       "  array([ 530, -845,  689]),\n",
       "  array([ 689, -845, -530]),\n",
       "  array([-530, -845, -689]),\n",
       "  array([ 845, -689,  530]),\n",
       "  array([-845,  689,  530]),\n",
       "  array([-689, -530, -845]),\n",
       "  array([-845, -530,  689]),\n",
       "  array([ 689, -530,  845]),\n",
       "  array([ 845, -530, -689]),\n",
       "  array([ 530, -689, -845]),\n",
       "  array([-530,  689, -845])],\n",
       " [array([ 423, -701,  434]),\n",
       "  array([ 434, -701, -423]),\n",
       "  array([-423, -701, -434]),\n",
       "  array([-434, -701,  423]),\n",
       "  array([701, 423, 434]),\n",
       "  array([-701, -423,  434]),\n",
       "  array([ 423, -434, -701]),\n",
       "  array([-701, -434, -423]),\n",
       "  array([-423, -434,  701]),\n",
       "  array([ 701, -434,  423]),\n",
       "  array([ 434,  423, -701]),\n",
       "  array([-434, -423, -701]),\n",
       "  array([ 423,  701, -434]),\n",
       "  array([-434,  701, -423]),\n",
       "  array([-423,  701,  434]),\n",
       "  array([434, 701, 423]),\n",
       "  array([-701,  423, -434]),\n",
       "  array([ 701, -423, -434]),\n",
       "  array([423, 434, 701]),\n",
       "  array([ 701,  434, -423]),\n",
       "  array([-423,  434, -701]),\n",
       "  array([-701,  434,  423]),\n",
       "  array([-434,  423,  701]),\n",
       "  array([ 434, -423,  701])],\n",
       " [array([  7, -33, -71]),\n",
       "  array([-71, -33,  -7]),\n",
       "  array([ -7, -33,  71]),\n",
       "  array([ 71, -33,   7]),\n",
       "  array([ 33,   7, -71]),\n",
       "  array([-33,  -7, -71]),\n",
       "  array([  7,  71, -33]),\n",
       "  array([-33,  71,  -7]),\n",
       "  array([-7, 71, 33]),\n",
       "  array([33, 71,  7]),\n",
       "  array([-71,   7, -33]),\n",
       "  array([ 71,  -7, -33]),\n",
       "  array([ 7, 33, 71]),\n",
       "  array([71, 33, -7]),\n",
       "  array([ -7,  33, -71]),\n",
       "  array([-71,  33,   7]),\n",
       "  array([-33,   7,  71]),\n",
       "  array([33, -7, 71]),\n",
       "  array([  7, -71,  33]),\n",
       "  array([ 33, -71,  -7]),\n",
       "  array([ -7, -71, -33]),\n",
       "  array([-33, -71,   7]),\n",
       "  array([71,  7, 33]),\n",
       "  array([-71,  -7,  33])],\n",
       " [array([ 630,  319, -379]),\n",
       "  array([-379,  319, -630]),\n",
       "  array([-630,  319,  379]),\n",
       "  array([379, 319, 630]),\n",
       "  array([-319,  630, -379]),\n",
       "  array([ 319, -630, -379]),\n",
       "  array([630, 379, 319]),\n",
       "  array([ 319,  379, -630]),\n",
       "  array([-630,  379, -319]),\n",
       "  array([-319,  379,  630]),\n",
       "  array([-379,  630,  319]),\n",
       "  array([ 379, -630,  319]),\n",
       "  array([ 630, -319,  379]),\n",
       "  array([ 379, -319, -630]),\n",
       "  array([-630, -319, -379]),\n",
       "  array([-379, -319,  630]),\n",
       "  array([319, 630, 379]),\n",
       "  array([-319, -630,  379]),\n",
       "  array([ 630, -379, -319]),\n",
       "  array([-319, -379, -630]),\n",
       "  array([-630, -379,  319]),\n",
       "  array([ 319, -379,  630]),\n",
       "  array([ 379,  630, -319]),\n",
       "  array([-379, -630, -319])],\n",
       " [array([443, 580, 662]),\n",
       "  array([ 662,  580, -443]),\n",
       "  array([-443,  580, -662]),\n",
       "  array([-662,  580,  443]),\n",
       "  array([-580,  443,  662]),\n",
       "  array([ 580, -443,  662]),\n",
       "  array([ 443, -662,  580]),\n",
       "  array([ 580, -662, -443]),\n",
       "  array([-443, -662, -580]),\n",
       "  array([-580, -662,  443]),\n",
       "  array([662, 443, 580]),\n",
       "  array([-662, -443,  580]),\n",
       "  array([ 443, -580, -662]),\n",
       "  array([-662, -580, -443]),\n",
       "  array([-443, -580,  662]),\n",
       "  array([ 662, -580,  443]),\n",
       "  array([ 580,  443, -662]),\n",
       "  array([-580, -443, -662]),\n",
       "  array([ 443,  662, -580]),\n",
       "  array([-580,  662, -443]),\n",
       "  array([-443,  662,  580]),\n",
       "  array([580, 662, 443]),\n",
       "  array([-662,  443, -580]),\n",
       "  array([ 662, -443, -580])],\n",
       " [array([-789,  900, -551]),\n",
       "  array([-551,  900,  789]),\n",
       "  array([789, 900, 551]),\n",
       "  array([ 551,  900, -789]),\n",
       "  array([-900, -789, -551]),\n",
       "  array([ 900,  789, -551]),\n",
       "  array([-789,  551,  900]),\n",
       "  array([900, 551, 789]),\n",
       "  array([ 789,  551, -900]),\n",
       "  array([-900,  551, -789]),\n",
       "  array([-551, -789,  900]),\n",
       "  array([551, 789, 900]),\n",
       "  array([-789, -900,  551]),\n",
       "  array([ 551, -900,  789]),\n",
       "  array([ 789, -900, -551]),\n",
       "  array([-551, -900, -789]),\n",
       "  array([ 900, -789,  551]),\n",
       "  array([-900,  789,  551]),\n",
       "  array([-789, -551, -900]),\n",
       "  array([-900, -551,  789]),\n",
       "  array([ 789, -551,  900]),\n",
       "  array([ 900, -551, -789]),\n",
       "  array([ 551, -789, -900]),\n",
       "  array([-551,  789, -900])],\n",
       " [array([ 459, -707,  401]),\n",
       "  array([ 401, -707, -459]),\n",
       "  array([-459, -707, -401]),\n",
       "  array([-401, -707,  459]),\n",
       "  array([707, 459, 401]),\n",
       "  array([-707, -459,  401]),\n",
       "  array([ 459, -401, -707]),\n",
       "  array([-707, -401, -459]),\n",
       "  array([-459, -401,  707]),\n",
       "  array([ 707, -401,  459]),\n",
       "  array([ 401,  459, -707]),\n",
       "  array([-401, -459, -707]),\n",
       "  array([ 459,  707, -401]),\n",
       "  array([-401,  707, -459]),\n",
       "  array([-459,  707,  401]),\n",
       "  array([401, 707, 459]),\n",
       "  array([-707,  459, -401]),\n",
       "  array([ 707, -459, -401]),\n",
       "  array([459, 401, 707]),\n",
       "  array([ 707,  401, -459]),\n",
       "  array([-459,  401, -707]),\n",
       "  array([-707,  401,  459]),\n",
       "  array([-401,  459,  707]),\n",
       "  array([ 401, -459,  707])]]"
      ]
     },
     "execution_count": 36,
     "metadata": {},
     "output_type": "execute_result"
    }
   ],
   "source": [
    "all_orients(a)"
   ]
  },
  {
   "cell_type": "code",
   "execution_count": 12,
   "metadata": {},
   "outputs": [
    {
     "data": {
      "text/plain": [
       "40.0"
      ]
     },
     "execution_count": 12,
     "metadata": {},
     "output_type": "execute_result"
    }
   ],
   "source": [
    "# Euclidean distance\n",
    "\n",
    "a = np.array([0,10,20])\n",
    "b = np.array([0,10,-20])\n",
    "\n",
    "np.linalg.norm(a-b)"
   ]
  },
  {
   "cell_type": "code",
   "execution_count": 13,
   "metadata": {},
   "outputs": [],
   "source": [
    "# Sample data - make sure you can determine 12+ of coordinates are consistent distance between a & b\n",
    "\n",
    "a = [\n",
    "    np.array([404,-588,-901]),\n",
    "    np.array([528,-643,409]),\n",
    "    np.array([-838,591,734]),\n",
    "    np.array([390,-675,-793]),\n",
    "    np.array([-537,-823,-458]),\n",
    "    np.array([-485,-357,347]),\n",
    "    np.array([-345,-311,381]),\n",
    "    np.array([-661,-816,-575]),\n",
    "    np.array([-876,649,763]),\n",
    "    np.array([-618,-824,-621]),\n",
    "    np.array([553,345,-567]),\n",
    "    np.array([474,580,667]),\n",
    "    np.array([-447,-329,318]),\n",
    "    np.array([-584,868,-557]),\n",
    "    np.array([544,-627,-890]),\n",
    "    np.array([564,392,-477]),\n",
    "    np.array([455,729,728]),\n",
    "    np.array([-892,524,684]),\n",
    "    np.array([-689,845,-530]),\n",
    "    np.array([423,-701,434]),\n",
    "    np.array([7,-33,-71]),\n",
    "    np.array([630,319,-379]),\n",
    "    np.array([443,580,662]),\n",
    "    np.array([-789,900,-551]),\n",
    "    np.array([459,-707,401])\n",
    "]\n",
    "\n",
    "b= [\n",
    "    np.array([686,422,578]),\n",
    "    np.array([605,423,415]),\n",
    "    np.array([515,917,-361]),\n",
    "    np.array([-336,658,858]),\n",
    "    np.array([95,138,22]),\n",
    "    np.array([-476,619,847]),\n",
    "    np.array([-340,-569,-846]),\n",
    "    np.array([567,-361,727]),\n",
    "    np.array([-460,603,-452]),\n",
    "    np.array([669,-402,600]),\n",
    "    np.array([729,430,532]),\n",
    "    np.array([-500,-761,534]),\n",
    "    np.array([-322,571,750]),\n",
    "    np.array([-466,-666,-811]),\n",
    "    np.array([-429,-592,574]),\n",
    "    np.array([-355,545,-477]),\n",
    "    np.array([703,-491,-529]),\n",
    "    np.array([-328,-685,520]),\n",
    "    np.array([413,935,-424]),\n",
    "    np.array([-391,539,-444]),\n",
    "    np.array([586,-435,557]),\n",
    "    np.array([-364,-763,-893]),\n",
    "    np.array([807,-499,-711]),\n",
    "    np.array([755,-354,-619]),\n",
    "    np.array([553,889,-390])\n",
    "]"
   ]
  },
  {
   "cell_type": "code",
   "execution_count": null,
   "metadata": {},
   "outputs": [],
   "source": []
  },
  {
   "cell_type": "code",
   "execution_count": 73,
   "metadata": {},
   "outputs": [],
   "source": [
    "def find_overlap(coords_1, coords_2):\n",
    "                \n",
    "    orig_dists = []\n",
    "    for x in coords_1:\n",
    "        dist_x = []\n",
    "        for y in coords_1:\n",
    "            dist = np.linalg.norm(x-y)\n",
    "            dist_x.append(dist)\n",
    "#             print(dist_x)\n",
    "        orig_dists.append(dist_x)\n",
    "#         print(orig_dists)\n",
    "    \n",
    "    \n",
    "    common_dist = []\n",
    "    for i, d in enumerate(orig_dists):\n",
    "        for i2, d2, in enumerate(orig_dists):\n",
    "#             if i != i2:\n",
    "            common = list(set(d) & set(d2))\n",
    "#             print(common)\n",
    "            if len(common) > 0:\n",
    "                common_dist.append(common)\n",
    "    print(common_dist)\n",
    "    return common_dist"
   ]
  },
  {
   "cell_type": "code",
   "execution_count": 74,
   "metadata": {},
   "outputs": [
    {
     "name": "stdout",
     "output_type": "stream",
     "text": [
